y = [ 5 3 1 1 2 4 ]';
K = [ 14.5225 13.8785 9.78618 7.20859 4.86582 0.886092; 13.8785 14.5225 12.1743 9.78618 7.20859 1.70596; 9.78618 12.1743 14.5225 13.8785 12.1743 4.86582; 7.20859 9.78618 13.8785 14.5225 13.8785 7.20859; 4.86582 7.20859 12.1743 13.8785 14.5225 9.78618; 0.886092 1.70596 4.86582 7.20859 9.78618 14.5225 ]';
L = [ 3.81084 13.8785 9.78618 7.20859 4.86582 0.886092; 3.64184 1.12226 12.1743 9.78618 7.20859 1.70596; 2.56799 2.51464 1.2667 13.8785 12.1743 4.86582; 1.8916 2.58162 1.99654 0.541661 13.8785 7.20859; 1.27684 2.27982 2.49661 1.09477 0.512847 9.78618; 0.232519 0.765566 1.85015 2.02795 1.76405 1.79856 ]';
alpha = [ 2.96259 -3.73209 3.57464 -4.44253 2.21351 0.0489429 ]';
I = [ 1 0 0 0 0 0; 0 1 0 0 0 0; 0 0 1 0 0 0; 0 0 0 1 0 0; 0 0 0 0 1 0; 0 0 0 0 0 1 ]';
invK = [ 3.67474 -5.81999 4.03461 -0.78639 -1.16279 0.281558; -5.81999 9.9858 -8.62575 3.34637 1.37262 -0.513851; 4.03461 -8.62575 14.7219 -14.4466 4.33958 0.0810714; -0.786385 3.34637 -14.4466 22.1217 -11.096 0.991767; -1.1628 1.37263 4.33957 -11.096 7.45968 -1.06334; 0.281558 -0.513851 0.0810717 0.991767 -1.06334 0.309136 ]';
W = [ -5.10221 5.23667 -6.55557 12.375 -7.72052 0.13656; 5.23667 -3.94269 4.71511 -13.2336 9.63365 -0.331191; -6.55557 4.71511 1.94393 1.43389 -3.57292 -0.0938817; 12.375 -13.2336 1.43389 2.38561 -1.26237 1.2092; -7.72053 9.63365 -3.57292 -1.26237 2.56005 -1.17167; 0.136561 -0.331192 -0.0938814 1.2092 -1.17167 0.30674 ]';
dK_0 = [ 2 1.91454 1.35 0.994427 0.67124 0.122237; 1.91454 2 1.67944 1.35 0.994427 0.235338; 1.35 1.67944 2 1.91454 1.67944 0.67124; 0.994427 1.35 1.91454 2 1.91454 0.994427; 0.67124 0.994427 1.67944 1.91454 2 1.35; 0.122237 0.235338 0.67124 0.994427 1.35 2 ]';
g_0 = -0.0914812;
dK_1 = [ 2 0 0 0 0 0; 0 2 0 0 0 0; 0 0 2 0 0 0; 0 0 0 2 0 0; 0 0 0 0 2 0; 0 0 0 0 0 2 ]';
g_1 = -1.84858;
dK_2 = [ 0 0.358242 2.27348 2.97718 3.14001 1.46384; 0.358242 0 1.25701 2.27348 2.97718 2.15775; 2.27348 1.25701 0 0.358242 1.25701 3.14001; 2.97718 2.27348 0.358242 0 0.358242 2.97718; 3.14001 2.97718 1.25701 0.358242 0 2.27348; 1.46384 2.15775 3.14001 2.97718 2.27348 0 ]';
g_2 = -0.208933;
