Kfast = [ 14.5225 13.8785 9.78618 7.20859 4.86582 0.886092; 13.8785 14.5225 12.1743 9.78618 7.20859 1.70596; 9.78618 12.1743 14.5225 13.8785 12.1743 4.86582; 7.20859 9.78618 13.8785 14.5225 13.8785 7.20859; 4.86582 7.20859 12.1743 13.8785 14.5225 9.78618; 0.886092 1.70596 4.86582 7.20859 9.78618 14.5225 ]';
K = [ 14.5225 13.8785 9.78618 7.20859 4.86582 0.886092; 13.8785 14.5225 12.1743 9.78618 7.20859 1.70596; 9.78618 12.1743 14.5225 13.8785 12.1743 4.86582; 7.20859 9.78618 13.8785 14.5225 13.8785 7.20859; 4.86582 7.20859 12.1743 13.8785 14.5225 9.78618; 0.886092 1.70596 4.86582 7.20859 9.78618 14.5225 ]';
x = [ 1 2 4 5 6 9 ]';
y = [ 5 3 1 1 2 4 ]';
U = [ 3.81084 13.8785 9.78618 7.20859 4.86582 0.886092; 3.64184 1.12226 12.1743 9.78618 7.20859 1.70596; 2.56799 2.51464 1.2667 13.8785 12.1743 4.86582; 1.8916 2.58162 1.99654 0.541661 13.8785 7.20859; 1.27684 2.27982 2.49661 1.09477 0.512847 9.78618; 0.232519 0.765566 1.85015 2.02795 1.76405 1.79856 ]';
alpha = [ 1.31205 -1.58454 1.27513 0.116197 1.22153 0.0880269 ]';
nlml = 10.1951
